1338
22
1
22
40 -0.22458668330031162 3.3447424427769148 -0.19859500181398837 0.81273319636567998 -0.27408886098395413 -2.5878893896506812 -0.53666930299163107 -0.26881302700165155 -0.41786298699816998 -9.7258710668315871 -0.42256493061830863 1.4815609790951343 -0.82215368113883069 -1.7144196774058043 -1.295826190447066 1.5861242795504449 -0.39857569784171154 2.0454932169637816 0.028058442001397677 -0.1201187667155536 -1.0483744988080812 -0.3211917177530289 -0.16067523739816597 -1.584542551387202 -0.96602429447208293 5.8096639319917784 0.43521218105595816 -0.48503443757503811 -0.30113780286158909 -0.24074603969238595 -0.92911967839973131 -0.51414586526702588 2.0108031998526652 -0.4567501692545427 -2.4595094834553275 0.30021549822322657 -1.056183245878429 -0.89655264654976907 -0.81290097229854807 -0.039809606371335501
40 0.0201705983376297 2.6815907168253075 -0.21018863678756969 0.63129375559018019 -0.19073548362464288 -3.2146526544768177 -0.61783996368745553 -0.47423181458873154 -0.41362450179001886 -8.7748464472429841 -0.22219354159387184 1.8236914796101149 -0.848785979662801 -2.004996415728876 -0.91595423039213275 2.0918787228668934 -0.39566971486671165 2.5424181663750649 -0.24340252267296708 0.077691171701926576 -0.92564162820842943 -0.35063512021071397 -0.45624474078387861 -1.5623527057302751 -0.83718151317076073 6.0870147677529456 -0.26199351147788519 -0.52112825716780287 -0.25820604270269376 -0.10409074858790654 -0.78162738709034807 -0.26557635401605112 2.6405544227069648 -0.6193723579344923 -2.9257333473270148 0.056448904011441342 -1.1050206447594904 -0.85430669277354132 -0.92503505625196203 0.2442449182960956
40 -0.24952203367326653 3.35331345299211 -0.41877335907942526 1.2079568321153613 -0.24767506714003895 -3.500514966147656 -0.53804230616845627 -0.33263848719493927 -0.34245101834702391 -9.0537750632331395 -0.51477316309810506 1.2699464542586596 -0.95576630968976883 -1.8505348669007002 -0.99048064892126775 0.98419191931099292 -0.35713630628652399 2.8350650649722771 -0.11483283730767696 0.33552341837757016 -0.96617868013962371 -0.21896126710713595 -0.34568729156221523 -1.6049312065768948 -0.86097991746643687 9.5702764815830808 0.11374426822766523 -0.46431478381364821 -0.12699228862537232 -0.43613685482913667 -0.72811019171626612 -0.30681297509750893 2.6277566517008228 -0.36787172086741921 -3.4561795761723282 -0.022490967813974916 -1.2839020481769654 -0.82354525206611084 -0.90216578983663354 -0.10324258959905852
40 0.031387717932826568 3.789591559980257 -0.2969954168133605 0.65899274467256219 -0.23283078161908463 -3.9495678261003531 -0.55503099733313765 -0.50361726792909289 -0.41422344573761094 -9.6181755911158024 -0.59126289840866153 1.5805470774116577 -0.81992064883773741 -1.8165156526777508 -0.89024956445342995 1.5041415992287195 -0.38166559538853617 2.5380752652569125 -0.25482672839032933 0.28726494224533949 -0.78878239323292576 -0.36362521365787781 -0.26817836580850052 -1.7785861436240615 -0.94102823427711724 10.902288382703832 -0.051408502756297825 -0.65353261633200643 -0.065247119695291594 -0.2995670402853069 -0.96967231986417057 -0.28460622478767317 2.1018184242297373 -0.38625923411721347 -2.9708963110000699 0.16184154006326809 -1.0594856534492998 -0.86464368851512363 -0.78883076291485132 0.28052461586969485
40 -0.26691522733835693 3.347965864308287 -0.38914492685398006 0.87026015299465831 -0.36273569375896036 -3.0375435981226064 -0.786595543455612 -0.32061265566835484 -0.41222617209198675 -7.5942373715371163 -0.55161455107697688 1.6272461500407189 -1.0938845245432465 -1.5244379990459045 -1.1009154844785112 1.4148778970571034 -0.35544887459131996 1.4159201472459353 -0.18703621961560848 0.16496354671796476 -0.93507331221123735 -0.3566543430125988 -0.28929183555152899 -1.2537537842100126 -0.81279788619746329 6.4260606125378867 -0.033849519557321767 -0.49127455209815984 -0.22507030097417574 -0.086353147378411543 -0.81723740596239802 -0.25408292334473209 2.8861353405234391 -0.62400271873870072 -2.3215890570139708 0.1860239618279842 -1.162899389801213 -0.887738974093635 -0.7681647094588131 0.35726960144207709
40 0.030947437664032039 2.7742303474650365 -0.55928131460806541 0.62483160097692969 -0.41148662458026364 -2.9053067288101313 -0.59142544983972711 -0.40345362849291466 -0.45760832707775101 -11.233774316257177 -0.32053688002787684 0.96370910010159672 -1.0858082383283885 -1.8303210423558198 -1.1622332995928408 1.4143500186846574 -0.5738472494646355 2.1499205986109198 -0.34375603703872037 0.34938698419595876 -0.99116280834012627 -0.20129545845919569 -0.21858337227180835 -1.3857854784886408 -0.96216337491192538 9.4974444243873606 0.041965363382844532 -0.52275180674315802 -0.29143125251432533 -0.26812627843394665 -0.91565948276701781 -0.51592687938750936 2.3502587258879855 -0.39096635349259251 -2.9957053796628865 0.23294003403909286 -1.1884587236515771 -0.90422872653745789 -0.80573395833546368 0.11018528317702023
40 -0.14320413679618377 3.0637144814384181 -0.44996277347039387 0.58575890243984474 -0.33256149365949861 -2.6598819706243999 -0.64970087655659214 -0.47330499183562202 -0.38860513771113864 -9.198386856989142 -0.46221527372997107 1.2461905839935774 -0.92378562115807528 -1.8156284638229176 -1.1396193815039974 1.301514131626025 -0.35219014506262225 1.9979169608063869 -0.18466635679989352 0.17274081447991829 -0.97901870916261002 -0.20377379608761292 -0.31209137746600457 -1.4723939119699334 -0.96193094024620107 7.9603249255352004 -0.10519028781757278 -0.46229672442337738 -0.30465510235937854 -0.27279857053481216 -0.82832589430577841 -0.48301081869547513 2.5092027139092714 -0.58965037038263513 -2.9672459474256248 0.047638082618783342 -1.0904003358204186 -0.89592603366276125 -0.72704689369550146 0.10886744110954276
40 -0.019377762590975567 2.4596927684224403 -0.46454984903963609 0.66561410296198076 -0.37554388294262409 -3.5354600549852839 -0.62348412054503921 -0.23841087417377144 -0.43205206584693262 -10.358712599360341 -0.25486583603171964 1.1154410745539687 -0.95165766588706435 -1.6086233326867414 -1.3365573202342482 1.0696785516972733 -0.35274700034860168 2.1045910936558485 -0.16866991932729636 0.41178829119890686 -0.79544023216787474 -0.29862321740500875 -0.34811105278023574 -1.2282898413959589 -0.91831511446571579 7.8986275762018785 0.15910293388262875 -0.70455784437373459 -0.27019411112385155 -0.17290545078005903 -0.84474311593105056 -0.49336051263547759 2.9491887566636041 -0.68808147084803761 -2.7978890201769939 0.0079121661128429277 -1.1051203172460631 -0.96656904067913296 -0.67118344131028618 0.10696343951246322
40 -0.11615921401215601 2.2270375562096549 -0.39872817283047557 0.39021057692007 -0.097977292750270478 -3.5436307689190349 -0.58738424322185923 -0.3770619298114386 -0.37308901439292474 -9.8235128532779719 -0.33658978799814582 2.2255279892020212 -0.98040480521525031 -2.0374001299525175 -1.099669838718587 0.93957036121035675 -0.15773984576221523 3.2510851720358844 -0.41383158748509241 0.10910767095396712 -0.95217351799252703 -0.24268129959186358 -0.27138776345661625 -1.736935607002807 -0.96372871758766354 7.8803097647250091 0.019248997915288252 -0.55693763434798071 -0.06324930976862056 -0.20350196616621802 -0.8630358534782524 -0.35294078967168269 2.623517961243707 -0.54038685378970475 -2.319408128012836 0.36913373731710553 -1.2266486498117077 -0.90404438587292701 -0.77099917130657025 0.26395913308734242
40 -0.13787763834925834 2.4814259395198297 -0.37841902299380492 0.11179965762378141 -0.24083860767390503 -2.8995392176720287 -0.6715863380741558 -0.41805202217114129 -0.51249190995744764 -9.3330290955218498 -0.4999537839854834 1.3574352383539143 -0.9127946299855394 -1.8275830655319074 -1.2353109557066959 1.3454049070791814 -0.32402293022469231 2.4008285528731603 -0.23852473970728366 -0.020714535440644333 -1.1191698974571411 -0.29171224980316746 -0.18135344152725882 -1.5154589206165283 -1.0917420960853719 8.2514189838428678 -0.042284450015544733 -0.51345213568056458 -0.26643684604026879 -0.079330789827557063 -0.93135486033249149 -0.33840980409087906 2.2820747690927208 -0.70707427892932451 -2.9799368696389941 -0.18184848430865796 -0.91704750332040574 -0.9354142052440868 -0.78470292458438906 0.28008223248673181
40 0.21592240580313066 1.8868533877238396 -0.24771369716235314 0.98482928059333452 -0.32159237508535965 -2.5299399901105013 -0.69679673353892935 -0.3120189144261537 -0.43931185858866539 -11.283698171648718 -0.18710397921731303 1.6719924920778384 -0.88107184921189774 -1.8194231393277673 -1.0945874421018154 1.4338416814602577 -0.20768901534105294 2.2263467091858011 0.20758355840806963 0.61720848425011132 -0.86336969326843815 -0.29393644868022062 -0.27927258787359216 -1.4840846677221229 -0.87910229228786307 9.4082641205071127 -0.015144815292555364 -0.69177180361030866 -0.24782943803919966 -0.13500396647595864 -0.81820287957448612 -0.4588389066235361 1.8464129594629646 -0.41056275712728263 -3.0696793448704729 0.028568682595299912 -1.0386663634603184 -0.93010415451374606 -0.71968507977395724 0.080750620136626358
40 0.24935170841489621 1.5133345602434338 -0.35109567866631097 0.46405489092731383 -0.34542009585377731 -2.3719689264441435 -0.70715927921467636 -0.30366365968360576 -0.52193146387691169 -9.9696873186715802 -0.28205675140728148 1.1622098387480357 -0.79520704028600808 -1.514116094375457 -1.1980197259874739 1.4330587663430974 -0.3661320749966156 1.7615530533788024 0.10811181923437616 0.19387476562646783 -0.8997254123762517 -0.22748656102704118 -0.46368183591699708 -1.3331815143514594 -0.7712998333635992 5.679438755754175 0.25944810109518668 -0.58081001946160749 -0.21011735458913663 -0.17507995236514595 -0.86520042276395193 -0.42429265201147182 2.6875624148474531 -0.65006878276929703 -2.8354601052752315 -0.21320109838097806 -1.1721499106431152 -1.003294969418334 -0.7009300988126147 0.028622662062257533
40 -0.099470728187141491 1.6775727628058854 -0.34905272901599865 0.57264462469389654 0.02557111312766458 -3.1721673316443701 -0.6872865713768167 -0.36872769227374769 -0.69476708265717257 -10.883772048008034 -0.51179624020997916 1.534388906976345 -0.74170619003275051 -1.7931176788278691 -1.2805318313141962 1.4708490935897627 -0.19191894882354651 1.8188255880473321 -0.37372866180987718 0.06758450472881837 -1.3604890630495547 -0.37198886577040186 -0.17019027478529092 -1.6190587558726166 -1.2066710104795295 8.3104086415379452 -0.12614764868108347 -0.6061811540524672 -0.20839020985107604 -0.040275623628221402 -1.0554501185701257 -0.33652224295893512 3.1698285529762149 -0.80590284003096035 -3.1736743414339124 0.044281137924794406 -0.84540949254052333 -0.85066338478540504 -0.92988248956268915 0.28442038696346689
40 -0.16735520419065197 3.2566626779931958 -0.32492115629124962 0.8342300689508596 -0.31653683169135383 -2.4457814857738334 -0.4529643577831412 -0.27930068375561001 -0.48619435324646643 -10.0761688174635 -0.41899258116441218 1.4251183044980351 -0.89089744521057912 -1.757687381794129 -1.2065523939921108 1.2951216494115319 -0.3606142613159084 1.3707909745780413 -0.17050492089301084 0.10525368115215433 -1.0467437285488352 -0.27413182539178582 -0.23400246110679385 -1.4202761823204677 -0.96788859183552511 6.962673159357176 0.2660242621182432 -0.47613768055380967 -0.34123455077388759 -0.2328345559929936 -0.90065192555816043 -0.46132385242698482 2.6060211364109511 -0.53810777163387313 -2.5247902734830308 0.21315913448014612 -1.1275453470358496 -0.8656603466986007 -0.8122435828915282 0.004316629877550035
40 0.028743962690819254 2.6243763569937966 -0.30857789636076283 0.91536246706209567 -0.27882251390774898 -2.8871581892524025 -0.61466520771347155 -0.52444948039727601 -0.43729661091459876 -11.136947005331287 -0.28658590961345998 1.8724407478740934 -0.8924534006434357 -1.8357689539674258 -1.043744571703269 1.9841345446967631 -0.42069421112881672 1.7741800903823133 -0.20092860007554431 0.15864022741236594 -1.0125191660354016 -0.3781909265590897 -0.33767991531283348 -1.5912956307843071 -0.94473404684904949 7.2506126376790654 -0.034562168123500735 -0.53131521289920647 -0.12432537606159808 -0.20730319256459273 -0.79992700442425924 -0.31489783332237031 1.6054966652429314 -0.55682821408955618 -3.1786795213554546 0.10893433434667946 -1.006451190637667 -0.8670850628573834 -0.79322952821935311 0.14804654816528712
40 -0.10968344481219781 3.6335421425290733 -0.39832689947909239 0.88988808523167173 -0.30764551133774287 -2.950453233308977 -0.54734245379120006 -0.39772090015773531 -0.46441261478904655 -10.81664920230391 -0.3643860562887033 1.6411185140149938 -0.88943899378133251 -1.8887397396908421 -1.0590520091160174 1.4939871815653214 -0.32286053102758683 1.9481744119712245 -0.2801389751390283 0.268504087069243 -0.9362452910349417 -0.32763232891919808 -0.31553711908234827 -1.442488775183232 -0.95952466110431645 8.0989226683606788 -0.083036139792630609 -0.49390906216067676 -0.3437765740085334 -0.2563638341449615 -0.85658924222096045 -0.30523681346696135 2.4982827107004679 -0.59858023874935529 -3.1009690278916109 0.028728636203693418 -1.1202032162489575 -0.79555951516751666 -0.877619622095554 0.073573519716509869
40 0.24129749152978427 1.6650682792963711 -0.36702316298233223 0.46828833159938943 -0.40735862421304908 -2.7468753414884444 -0.70715927921467636 -0.34553446905269813 -0.60661296083529148 -10.465269764650666 -0.085073756828588504 1.805369194131446 -0.98574206012038235 -1.7305321318608016 -1.1640886013779781 0.83426390114879012 -0.36267801975928116 1.7615530533788024 0.14623300616206203 0.21880078212051624 -0.90727427918001358 -0.10854466151282134 -0.46368183591699708 -1.3246959049819422 -0.98279030293229741 5.5866495855491287 -0.19419563851879787 -0.44349759193188698 -0.23411920793410654 0.044944659332714409 -0.88905739686058327 -0.60802261339573205 3.3355172678821936 -0.58409436021504835 -2.9245028937128437 0.020407275771264777 -0.90384409055248993 -0.81909054069081833 -0.70728321167412678 0.23355937803225396
40 -0.038604498898020749 2.059303561948274 -0.28426738099371945 0.66925742122051723 -0.35995359948304206 -3.0823067225978678 -0.53298035197437688 -0.12711278145591404 -0.3927270741402441 -10.994423431796164 -0.30539444377906355 1.8026733055401953 -0.90174347677451128 -1.8205897186035966 -1.0925414214563229 1.5185241124608271 -0.24130936138136613 2.1469243219231657 -0.086183743883328431 0.45830805189869445 -0.86292926999849251 -0.34938116642674732 -0.37814329294673787 -1.6564133956663163 -0.92721743516843791 7.3854349720599979 -0.070772571500839751 -0.56395976821724569 -0.31292232170960776 -0.24357404588158832 -0.82384837186769933 -0.39342357385699978 2.4874250719937105 -0.60122972884723891 -3.1814639612812177 -0.026806954940474088 -0.97310152766150149 -0.90147533044328032 -0.71308228342709268 0.16026125874573069
40 0.24040371988605108 2.1997007745666148 -0.42871330570344224 0.56295253977656312 -0.52015482114550426 -2.5609473754407137 -0.77316600687168358 -0.46834971545546555 -0.61008520806416477 -8.5130530004887426 -0.41230307315563086 1.4655168058195778 -0.96480640969524512 -1.9444107889390658 -1.088876780735752 1.5028891510662596 -0.26927947244121864 1.786005740609772 -0.17014335736164365 0.27458256413650328 -1.0264174303518121 -0.39863002718285395 -0.35053586583209539 -1.7735084802276533 -0.82111646105637015 8.8673419444211561 0.10684893335994666 -0.63973784672654432 -0.16867703358040489 -0.17134782042932176 -0.93754990547130634 -0.19166136180227611 1.9786392735380631 -0.51476255704417095 -2.6560059187339982 0.081538263280088952 -1.0028099414318903 -0.7286456614711444 -0.63256099639897712 -0.059110641038402516
40 0.12744879744050638 2.490157556957632 -0.33882904267442271 0.86383145803781691 -0.34732162766667163 -1.9253435788504927 -0.79649555129278193 -0.54427929935965591 -0.53058449391050655 -8.149058344059732 -0.40009297567800328 1.5968940345985005 -0.85176661329310199 -1.4491932670656438 -1.3126589478375643 1.5563603546477707 -0.36832476492982608 1.5764388669850782 0.30155788982110221 -0.098195011568561585 -1.0342794798992871 -0.25279761588073496 -0.37355101117305162 -1.4676208289445603 -0.8630244022621365 5.5800765139659534 0.38312262122897806 -0.53398024965832758 -0.20087485897576374 -0.0029450366232773861 -0.9311567664248932 -0.38892790446147446 2.1032021169959245 -0.50996562072496976 -3.5395073964976231 0.070025586870738538 -1.0216205943833456 -0.94332260736009632 -0.77499683918385409 -0.039929236829586372
40 -0.12884099953797223 2.7896228619642454 -0.37976627642375049 0.5392494268882152 -0.36203088498440211 -2.7817644698646706 -0.7261541779505658 -0.46988334458926251 -0.59407895516080522 -8.8408161935898484 -0.36329631461230794 1.2096060215599991 -0.97575908948346346 -1.8111808831952958 -1.1522710516461832 1.4821449075579214 -0.36970559489134946 2.1289550591064299 -0.1819342958731861 0.3293003225631862 -0.95718047460309696 -0.10167271489709165 -0.25036981011637638 -1.4310870599414256 -0.89726551417535594 6.963301091756275 0.041135487082452571 -0.5525973090888936 -0.28242573124695036 -0.13677776044001994 -0.81941246291587411 -0.3990487097671363 2.4601303375814192 -0.63809852792408095 -3.0547386061029957 0.20176418002204355 -0.99154012586992879 -0.91742495796828527 -0.6715279331633619 0.054490310303664177
40 0.23426445924271144 2.9285494296206842 -0.40259891893291194 0.8114594955566411 -0.37812821609361069 -3.06594069775758 -0.77970039862269658 -0.35220956334548842 -0.44409224063276032 -11.481557226827341 -0.38007132617123401 1.4814754032118482 -0.96707792240967227 -1.7048682369619241 -1.1220259447393595 1.4295888884984058 -0.22640696242125705 2.3708029969846631 -0.20120935422267439 0.36792175233803998 -0.96144018798139741 -0.33948245340911554 -0.26823841772006946 -1.3289354808763503 -0.94667599620711773 7.9489591696874591 -0.094483819036733099 -0.49148519450232853 -0.33285981727239372 -0.17084057078556431 -0.85312140232063849 -0.43501197058617275 2.6104879566505428 -0.57664053872257359 -2.6551193505906907 0.10113413031729204 -1.1908916565419787 -0.8692058773146929 -0.76361129963630447 -0.17945542170236428
