742
10
5
10
40 0.028069004343618136 4.2492471293474674 0.4212191509788637 -0.853882574006395 -0.34420282865085144 -0.62359149576566175 -0.459254453274202 -0.16416499894830058 2.5887954986993096 0.66602802633169533 0.030770148254143568 -1.3219604792184656 -1.0707810671174907 -0.18659085999855651 -0.88203100236245247 5.2244279161228544 0.22986897840364678 -2.8198290247372673 0.93786358164597083 -3.1392124605402527 -0.63000953289616501 -0.23162978051537347 -0.43803551585013661 -0.43655557411980728 -0.0098560272762981821 -0.24864904178669117 4.4961567558707243 6.5207635055637052 4.1923420031228442 -0.1523483920658085 -1.7845402749986963 -0.19745537685347792 0.53212872307510206 -0.32320341923211982 -0.78937817664780352 -4.9503744923830038 -0.12339031164587944 -0.53037424348957618 -0.65839344032086766 -0.49310900579138689
40 0.059742453318577735 3.2418672426117867 0.72250832094801376 -0.82820628934651841 -0.48989198202364004 -0.59461205756684377 -0.33710118787583465 0.011995529699058774 2.5533397072901844 0.57764097447096674 0.010448576680794771 -1.2701834099755702 -1.1290467987963164 -0.21030326567689625 -1.0069203965532592 5.4396087062694285 0.22941183289254646 -2.8790646659122689 1.0124529094717927 -2.0244968338676879 -0.70217360445292809 -0.17344166333005726 -0.40425800736126077 -0.63605161518824116 -0.15849627775125721 -0.17533428727567829 5.7385168441421657 4.6282499871393794 3.6566308259456157 0.0014999920907317055 -2.1609496415499372 -0.30645346680028623 1.032874818043759 -0.095054726472430059 -0.76573326475292824 -4.1967012087580606 -0.32902672726068599 -0.39336327314974173 -0.78369563973616152 -0.56085923763452405
40 -0.035812950843285687 3.9067889945581973 0.79391364601199632 -0.83067587740856208 -0.45384232374976163 -0.59277628231024804 -0.44545778094211086 -0.049799729524732134 2.5006224192400164 0.54490232775458569 -0.14802338618172317 -1.2589417749558214 -1.057251712906671 -0.14706128626337936 -0.92402482390950214 5.0153116431165907 0.26969757231863367 -2.718519340044014 1.0624877413004987 -2.5817427080782624 -0.6563289486450683 -0.34642009525509332 -0.43763499091788061 -0.48438416271727391 -0.028562960865555834 -0.25172817255429031 5.0127207042327049 4.1112153497671766 2.8373433019828642 0.0117959994816728 -1.8068915757595563 -0.11822499820693466 0.71604117232312436 -0.25446710752637591 -0.6612858169955651 -4.6671616839439389 -0.18857710568451388 -0.43521741108037343 -0.63961232213535246 -0.50642451086233675
40 -0.27111380211692399 3.2650909725302819 0.42016631198994686 -0.81373181062634681 -0.69399708013295724 -0.56623782615198293 -0.61108642723184126 0.024035639269413295 1.9469696039798987 0.77055172187095433 -0.010332719444064551 -1.2166635910384704 -1.1665479324688959 -0.35182135191344427 -0.99158456484131086 3.9300173333057442 0.42882183649640127 -2.5904052044738237 1.1277820660790923 -2.5647694077871304 -0.58045809227320644 -0.24837370527767638 -0.41262682096092418 -0.64403527555120021 -0.020993660713738638 -0.11231116547831954 6.4640610729485442 5.3393672410322193 4.3143404764156639 -0.10461445512791322 -1.8578595566492091 -0.30441217188705849 0.55386845235555693 0.069642286960478611 -0.75527603044604541 -3.7949412517332273 -0.4982142127246838 -0.52074088655770101 -0.86299100829901831 -0.46544856328864515
40 -0.028792286618238246 3.0070284590399727 0.95641688373120914 -0.78160655574559335 -0.4500587907181885 -0.64419469168220567 -0.54389075996988823 -0.082747118519888918 2.6119804736424284 0.60649660440382847 0.22051302636693479 -1.30279247463596 -1.3517965920272428 -0.35069948481960261 -1.0984870351250684 4.5867110333302819 0.22513813497398014 -2.797739583111543 0.79844367076513811 -2.5436031512622836 -0.60780639173321493 -0.15595881361829839 -0.35134342539164087 -0.59669217299108901 -0.15669727793600269 -0.15677464884485126 6.7765759713393257 5.7081177662442339 3.9206113662442803 -0.036129746847839962 -1.9222383921965416 -0.14114522938939336 1.0077869522537297 -0.012905573182480215 -0.87609816795952133 -3.8596813809338384 -0.30494105300873819 -0.40023338608721337 -0.69944117383479276 -0.43943620881647943
40 0.15181212169769057 4.0520099937456147 1.0025713545189989 -0.87258460092332812 -0.62200207329567936 -0.53536919891582735 -0.58031943515490336 -0.14212448647575432 2.5663887870998341 0.17256259160862333 -0.0054968569174665277 -1.314657412644971 -1.0870980524552105 -0.13907284110640816 -1.0335783863883605 6.2230427414527245 0.56285166055371605 -2.2182315983456582 1.4687448632857065 -2.1532607113492097 -0.67456408090944631 -0.26538633570247749 -0.23195939816372987 -0.53304784942855488 -0.058847643444398912 -0.11539029624591868 7.2057266028224847 4.3072413750309551 4.7409721593371543 -0.02353194084754516 -2.023646859249236 -0.48420493050459967 1.3730475699007425 -0.079031829623518221 -0.78406041467209719 -4.4038874479202574 -0.42031570650993277 -0.4508064787912463 -0.9728980886093217 -0.47876406835959495
40 -0.072438797432224603 3.3543188935803325 0.46904013677027023 -0.8875604929738613 -0.57016281075764752 -0.55635894148057308 -0.51092298447698792 -0.047965017961344475 2.6358224900967193 0.42858697316807215 -0.0030026469280826293 -1.293096973811495 -1.2097102029448237 -0.31551517391969963 -0.83924484217795636 5.1716982863207637 0.31083689804702735 -2.0422631023787021 0.41712016110243466 -2.1460202962152306 -0.66860115699284828 -0.59689113999459398 -0.40163297297337447 -0.68173246254555508 -0.29328670239063748 -0.27150116113157102 6.6947194440709703 6.4639648609295275 4.4960547808942168 -0.078485289947447495 -1.768933733383403 -0.1432356125602337 1.0671561235637399 -0.076328666165654396 -0.67983375532971724 -3.4793965574078185 -0.26448465819046424 -0.39766800226098409 -0.74723808756420484 -0.44618921425117508
40 -0.22965529086965053 3.6098123064677869 0.80361261908245107 -0.87654300419430475 -0.56662556806091779 -0.70487341198206688 -0.71833515556203209 -0.12995744544818208 2.0799792493549698 0.66540181027061429 -0.21777504707241158 -1.6384898334555407 -1.3706737944772227 -0.24437816635874113 -1.3589927739794052 4.582287236523225 0.46523281138418943 -2.3779189313759392 1.6677650164211391 -2.9575056755319231 -0.71537091039335254 -0.13413846049637734 -0.21168074854748301 -0.73235685057404232 0.35648706231544575 -0.21668823806504628 6.866556361678346 6.535260553733945 2.9784350953295844 0.026832550027812378 -1.7560089739595131 -0.29761532320541162 1.5276316450054415 -0.22012847683616268 -0.77432943675538479 -3.8661795648756283 -0.42094849955532643 -0.34529213769013545 -0.7402624285353111 -0.39060463098120463
40 -0.16850829981474016 4.2492471293474674 0.56833984915636737 -0.93327941798784586 -0.23736400365265048 -0.39486488322383945 -0.48429885457681121 -0.16416499894830058 3.1931876366869529 0.53394078754960617 0.28059050365824795 -1.3867309603573736 -0.88321425335024761 -0.18659085999855651 -0.71251043899258126 6.3750210359011641 0.15729152526608936 -2.8198290247372673 0.93786358164597083 -3.6161245643548847 -0.62157135455475765 -0.36840335107236477 -0.3049636115960036 -0.40535843621376139 -0.0088226011463836858 -0.36926033244955103 4.4961567558707243 5.2443883241072706 4.1923420031228442 -0.24023375873545152 -1.8483734144620025 -0.087321177687194579 0.37788124932023648 -0.39772644639086585 -0.63665893571270271 -5.275087604981711 0.037321079514155309 -0.47238332633122654 -0.65839344032086766 -0.49310900579138689
40 -0.022184896544303234 2.8761651736956235 0.30476392710156341 -0.84556005806547008 -0.37517536493165238 -0.58697530851690893 -0.46993111035556784 -0.10606500845482253 2.3133376634396527 0.54730749974988369 0.013883750663030469 -1.3075287265149802 -1.1402456350311572 -0.25105301695912807 -0.97500677267230207 6.0239805255162127 0.27035293822533707 -2.2596381872725591 0.72901491771406202 -2.6426163783777419 -0.64930534494450665 -0.31883396166010947 -0.41983424441175554 -0.6222515976695947 -0.15157136483346784 -0.2600751014591311 5.2731466126331901 6.7139374262990312 4.344198392008531 -0.115416841006628 -1.7356422653550427 -0.23888639752605018 0.79964242331942104 -0.19976604269888709 -0.73460596598876038 -4.3808431180565082 -0.21930559148045559 -0.46402112287528013 -0.71515897134956408 -0.46964911002128096
